{
  "nbformat": 4,
  "nbformat_minor": 0,
  "metadata": {
    "colab": {
      "provenance": []
    },
    "kernelspec": {
      "name": "python3",
      "display_name": "Python 3"
    },
    "language_info": {
      "name": "python"
    }
  },
  "cells": [
    {
      "cell_type": "code",
      "source": [
        "!unzip -q traj1.zip #unzipping pnp of utenzils folder"
      ],
      "metadata": {
        "id": "k1ZzZqhnCYw0"
      },
      "execution_count": 33,
      "outputs": []
    },
    {
      "cell_type": "code",
      "source": [
        "import pickle\n",
        "\n",
        "# loading the pickle file\n",
        "with open('/content/traj1/obs_dict.pkl', 'rb') as file:\n",
        "    obs_dict = pickle.load(file)\n",
        "\n",
        "# printing the values to check\n",
        "print(obs_dict.keys())\n"
      ],
      "metadata": {
        "colab": {
          "base_uri": "https://localhost:8080/"
        },
        "id": "hbewCgKUCZJS",
        "outputId": "4db3ec50-cf6f-4dd2-bdbd-487e707f0b06"
      },
      "execution_count": 34,
      "outputs": [
        {
          "output_type": "stream",
          "name": "stdout",
          "text": [
            "dict_keys(['joint_effort', 'qpos', 'qvel', 'full_state', 'state', 'desired_state', 'time_stamp', 'eef_transform', 'high_bound', 'low_bound', 'env_done', 't_get_obs'])\n"
          ]
        }
      ]
    },
    {
      "cell_type": "code",
      "source": [
        "print(obs_dict['eef_transform'])"
      ],
      "metadata": {
        "colab": {
          "base_uri": "https://localhost:8080/"
        },
        "id": "1QeWwFi4v-qA",
        "outputId": "f2f1fc75-fe98-4b37-8dd9-50ac5a16030f"
      },
      "execution_count": 41,
      "outputs": [
        {
          "output_type": "stream",
          "name": "stdout",
          "text": [
            "[[[-0.07499286  0.00864171  0.99714663  0.31416547]\n",
            "  [ 0.00413435  0.99995655 -0.00835513 -0.02339584]\n",
            "  [-0.9971755   0.00349598 -0.07502532  0.06205847]\n",
            "  [ 0.          0.          0.          1.        ]]\n",
            "\n",
            " [[-0.1024199   0.00265912  0.9947377   0.31166171]\n",
            "  [ 0.0061575   0.99997896 -0.00203914 -0.02321115]\n",
            "  [-0.9947222   0.00591624 -0.10243412  0.05390453]\n",
            "  [ 0.          0.          0.          1.        ]]\n",
            "\n",
            " [[-0.1178649  -0.09889401  0.98809303  0.30405566]\n",
            "  [-0.00131493  0.99504341  0.0994328  -0.0041694 ]\n",
            "  [-0.99302877  0.01042037 -0.11741073  0.04735322]\n",
            "  [ 0.          0.          0.          1.        ]]\n",
            "\n",
            " [[-0.10710994 -0.27942861  0.95417352  0.28733993]\n",
            "  [-0.02013687  0.9601073   0.27890586  0.03055579]\n",
            "  [-0.99404324  0.01065952 -0.10846386  0.05215584]\n",
            "  [ 0.          0.          0.          1.        ]]\n",
            "\n",
            " [[-0.08742874 -0.47964483  0.87309625  0.26811721]\n",
            "  [-0.04132643  0.87744422  0.47789515  0.06407928]\n",
            "  [-0.99531319  0.00569982 -0.09653585  0.05342748]\n",
            "  [ 0.          0.          0.          1.        ]]\n",
            "\n",
            " [[-0.07356319 -0.6224396   0.77920306  0.25528807]\n",
            "  [-0.05560024  0.78266451  0.61995554  0.09415847]\n",
            "  [-0.99573946  0.00228203 -0.09218309  0.05334761]\n",
            "  [ 0.          0.          0.          1.        ]]\n",
            "\n",
            " [[-0.05359657 -0.66250743  0.74713541  0.25242697]\n",
            "  [-0.05412804  0.74903832  0.66031186  0.11777716]\n",
            "  [-0.99709456 -0.00505052 -0.07600611  0.05537161]\n",
            "  [ 0.          0.          0.          1.        ]]\n",
            "\n",
            " [[-0.05273761 -0.58770633  0.80735371  0.25600202]\n",
            "  [-0.05023061  0.80901656  0.58563564  0.13701161]\n",
            "  [-0.99734429 -0.00966884 -0.07218645  0.05148851]\n",
            "  [ 0.          0.          0.          1.        ]]\n",
            "\n",
            " [[-0.05786642 -0.43836546  0.8969321   0.26562705]\n",
            "  [-0.04697193  0.89863809  0.43616881  0.14878285]\n",
            "  [-0.99721869 -0.01689111 -0.07259184  0.05358274]\n",
            "  [ 0.          0.          0.          1.        ]]\n",
            "\n",
            " [[-0.0651409  -0.27182659  0.96013904  0.27422986]\n",
            "  [-0.04043444  0.96211143  0.26964171  0.15652344]\n",
            "  [-0.99705653 -0.02125798 -0.07366396  0.04756141]\n",
            "  [ 0.          0.          0.          1.        ]]\n",
            "\n",
            " [[-0.07115821 -0.18905891  0.97938411  0.28145443]\n",
            "  [-0.03607525  0.98171853  0.18688846  0.16189776]\n",
            "  [-0.99681246 -0.02203288 -0.07667768  0.03769884]\n",
            "  [ 0.          0.          0.          1.        ]]\n",
            "\n",
            " [[-0.07234247 -0.20100056  0.97691624  0.28583375]\n",
            "  [-0.03710759  0.9793469   0.19875278  0.16556241]\n",
            "  [-0.99668932 -0.02187274 -0.07830702  0.026091  ]\n",
            "  [ 0.          0.          0.          1.        ]]\n",
            "\n",
            " [[-0.0584093  -0.33323068  0.94103436  0.28077851]\n",
            "  [-0.03956968  0.94267573  0.33135585  0.17490785]\n",
            "  [-0.99750819 -0.01788216 -0.06824686  0.02082114]\n",
            "  [ 0.          0.          0.          1.        ]]\n",
            "\n",
            " [[-0.05813912 -0.47492271  0.87810493  0.27322464]\n",
            "  [-0.05934049  0.87968153  0.47184649  0.1743401 ]\n",
            "  [-0.9965433  -0.02467444 -0.07932606  0.01419789]\n",
            "  [ 0.          0.          0.          1.        ]]\n",
            "\n",
            " [[-0.06256422 -0.56923791  0.81978895  0.26261373]\n",
            "  [-0.07155644  0.82184264  0.56520293  0.1689463 ]\n",
            "  [-0.99547245 -0.0232997  -0.09215058  0.00730266]\n",
            "  [ 0.          0.          0.          1.        ]]\n",
            "\n",
            " [[-0.0621645  -0.58913265  0.80564154  0.25438167]\n",
            "  [-0.07413233  0.80769852  0.58491666  0.16893757]\n",
            "  [-0.99530898 -0.02336304 -0.09388395  0.00609883]\n",
            "  [ 0.          0.          0.          1.        ]]\n",
            "\n",
            " [[-0.0534242  -0.53275013  0.84458461  0.25001794]\n",
            "  [-0.06746845  0.8457855   0.52923992  0.17075761]\n",
            "  [-0.99629005 -0.02870859 -0.08112924  0.00630833]\n",
            "  [ 0.          0.          0.          1.        ]]\n",
            "\n",
            " [[-0.05863361 -0.4144616   0.90817602  0.24738248]\n",
            "  [-0.0627437   0.90947251  0.41100242  0.17259798]\n",
            "  [-0.99630584 -0.03288376 -0.07933051  0.00593128]\n",
            "  [ 0.          0.          0.          1.        ]]\n",
            "\n",
            " [[-0.06241434 -0.28518018  0.9564396   0.24688614]\n",
            "  [-0.04966341  0.95800826  0.28240702  0.17772756]\n",
            "  [-0.99681392 -0.0298738  -0.07395647  0.00737441]\n",
            "  [ 0.          0.          0.          1.        ]]\n",
            "\n",
            " [[-0.0769534  -0.218622    0.97277058  0.24703892]\n",
            "  [-0.05305082  0.97517944  0.21496666  0.18078962]\n",
            "  [-0.99562231 -0.03506386 -0.08664145  0.00995951]\n",
            "  [ 0.          0.          0.          1.        ]]\n",
            "\n",
            " [[-0.11207904 -0.08724509  0.9898619   0.24692645]\n",
            "  [-0.06438696  0.99468258  0.08037964  0.18484836]\n",
            "  [-0.99161112 -0.05472533 -0.11710051  0.02226317]\n",
            "  [ 0.          0.          0.          1.        ]]\n",
            "\n",
            " [[-0.11991853  0.07469819  0.98996956  0.25502913]\n",
            "  [-0.05304804  0.9952587  -0.08152318  0.18902831]\n",
            "  [-0.99136545 -0.06229208 -0.11538736  0.05671774]\n",
            "  [ 0.          0.          0.          1.        ]]\n",
            "\n",
            " [[-0.12277593  0.2088531   0.97020949  0.26064173]\n",
            "  [-0.03994572  0.97577346 -0.21510579  0.18774512]\n",
            "  [-0.99163018 -0.06516553 -0.1114587   0.09115943]\n",
            "  [ 0.          0.          0.          1.        ]]\n",
            "\n",
            " [[-0.1354387   0.22623338  0.96461123  0.26239122]\n",
            "  [-0.04553402  0.97113212 -0.23415607  0.18817616]\n",
            "  [-0.98973886 -0.07563642 -0.12122756  0.10904656]\n",
            "  [ 0.          0.          0.          1.        ]]\n",
            "\n",
            " [[-0.1249929   0.13996141  0.98223601  0.26858041]\n",
            "  [-0.04442781  0.98821733 -0.1464673   0.1888745 ]\n",
            "  [-0.99116242 -0.06194597 -0.11730197  0.12282123]\n",
            "  [ 0.          0.          0.          1.        ]]\n",
            "\n",
            " [[-0.10966533 -0.02932693  0.99353583  0.28546417]\n",
            "  [-0.04997523  0.99846311  0.02395617  0.18515985]\n",
            "  [-0.99271143 -0.04702502 -0.1109624   0.13080524]\n",
            "  [ 0.          0.          0.          1.        ]]\n",
            "\n",
            " [[-0.11484698 -0.17047217  0.97864672  0.30774706]\n",
            "  [-0.06413239  0.98438255  0.16394518  0.17185087]\n",
            "  [-0.99131085 -0.04393434 -0.12398615  0.13171358]\n",
            "  [ 0.          0.          0.          1.        ]]\n",
            "\n",
            " [[-0.11400808 -0.22808823  0.96694256  0.32974245]\n",
            "  [-0.06646901  0.97285898  0.22164675  0.1559299 ]\n",
            "  [-0.99125377 -0.03900219 -0.12607458  0.13296809]\n",
            "  [ 0.          0.          0.          1.        ]]\n",
            "\n",
            " [[-0.12593995 -0.16670896  0.97793009  0.3455907 ]\n",
            "  [-0.06381097  0.98509889  0.15971332  0.13672312]\n",
            "  [-0.98998348 -0.04228838 -0.13470117  0.13212571]\n",
            "  [ 0.          0.          0.          1.        ]]\n",
            "\n",
            " [[-0.12863695 -0.04594897  0.99062668  0.35363254]\n",
            "  [-0.049119    0.99799515  0.03991244  0.12088613]\n",
            "  [-0.99047456 -0.04352438 -0.13063602  0.13381507]\n",
            "  [ 0.          0.          0.          1.        ]]\n",
            "\n",
            " [[-0.12580571  0.09404067  0.9875876   0.36137453]\n",
            "  [-0.0331466   0.99454264 -0.09892539  0.10977872]\n",
            "  [-0.991501   -0.04518055 -0.12200201  0.12041483]\n",
            "  [ 0.          0.          0.          1.        ]]\n",
            "\n",
            " [[-0.13360525  0.17954     0.97463584  0.36337554]\n",
            "  [-0.02746565  0.9824043  -0.1847361   0.10206728]\n",
            "  [-0.99065396 -0.05145072 -0.12632319  0.09843551]\n",
            "  [ 0.          0.          0.          1.        ]]\n",
            "\n",
            " [[-0.13667905  0.17260305  0.97546247  0.36858199]\n",
            "  [-0.02752211  0.98366178 -0.1779102   0.1010604 ]\n",
            "  [-0.99023299 -0.05116338 -0.12969555  0.07163231]\n",
            "  [ 0.          0.          0.          1.        ]]\n",
            "\n",
            " [[-0.13872245  0.08539164  0.98664297  0.37196072]\n",
            "  [-0.03747484  0.99510949 -0.09139337  0.10048242]\n",
            "  [-0.98962201 -0.0496526  -0.13484399  0.0550619 ]\n",
            "  [ 0.          0.          0.          1.        ]]\n",
            "\n",
            " [[-0.13762885 -0.03797355  0.98975568  0.37026556]\n",
            "  [-0.05253496  0.99813812  0.03098999  0.10147134]\n",
            "  [-0.98908967 -0.04773166 -0.13936753  0.05066334]\n",
            "  [ 0.          0.          0.          1.        ]]\n",
            "\n",
            " [[-0.14055486 -0.14320412  0.97966163  0.36523289]\n",
            "  [-0.06730649  0.98857732  0.13485073  0.1101336 ]\n",
            "  [-0.98778245 -0.04698366 -0.14858791  0.04765718]\n",
            "  [ 0.          0.          0.          1.        ]]\n",
            "\n",
            " [[-0.1486005  -0.1827758   0.9718595   0.36269295]\n",
            "  [-0.08088805  0.98172429  0.17226301  0.11149772]\n",
            "  [-0.98558359 -0.05301345 -0.1606691   0.0476499 ]\n",
            "  [ 0.          0.          0.          1.        ]]\n",
            "\n",
            " [[-0.15431703 -0.13321306  0.97899976  0.36178646]\n",
            "  [-0.07330056  0.98968195  0.12311242  0.11270091]\n",
            "  [-0.98529857 -0.05276289 -0.16248937  0.0476951 ]\n",
            "  [ 0.          0.          0.          1.        ]]\n",
            "\n",
            " [[-0.14592682 -0.02488933  0.98898225  0.36259715]\n",
            "  [-0.06477596  0.99777862  0.01555285  0.11519271]\n",
            "  [-0.98717245 -0.0617927  -0.14721489  0.04802029]\n",
            "  [ 0.          0.          0.          1.        ]]\n",
            "\n",
            " [[-0.14772942  0.08595448  0.98528567  0.3592524 ]\n",
            "  [-0.05423414  0.99401339 -0.0948475   0.12370676]\n",
            "  [-0.98753971 -0.06744788 -0.14218336  0.04520853]\n",
            "  [ 0.          0.          0.          1.        ]]\n",
            "\n",
            " [[-0.14982513  0.14341075  0.9782565   0.35658415]\n",
            "  [-0.04368357  0.98749828 -0.15145594  0.12784684]\n",
            "  [-0.98774702 -0.06542564 -0.14168736  0.03458681]\n",
            "  [ 0.          0.          0.          1.        ]]\n",
            "\n",
            " [[-0.15045871  0.12333659  0.98089258  0.35345614]\n",
            "  [-0.0465708   0.99020164 -0.13165058  0.12892778]\n",
            "  [-0.98751878 -0.06548893 -0.14324058  0.02626729]\n",
            "  [ 0.          0.          0.          1.        ]]\n",
            "\n",
            " [[-0.1445548   0.05010144  0.98822758  0.35265588]\n",
            "  [-0.05402215  0.99682818 -0.05843966  0.12777053]\n",
            "  [-0.98802101 -0.06183392 -0.14138971  0.02215202]\n",
            "  [ 0.          0.          0.          1.        ]]\n",
            "\n",
            " [[-0.15416615 -0.05498115  0.986514    0.35421426]\n",
            "  [-0.06730732  0.99671556  0.04503135  0.12809907]\n",
            "  [-0.98574973 -0.05945731 -0.15736043  0.01044025]\n",
            "  [ 0.          0.          0.          1.        ]]\n",
            "\n",
            " [[-0.14504577 -0.1314763   0.98065066  0.3561676 ]\n",
            "  [-0.07009501  0.99000705  0.12236313  0.12784285]\n",
            "  [-0.98693891 -0.05099047 -0.15281216  0.00968607]\n",
            "  [ 0.          0.          0.          1.        ]]\n",
            "\n",
            " [[-0.13981332 -0.1378936   0.98052924  0.35805197]\n",
            "  [-0.07148828  0.98907717  0.12890222  0.12470967]\n",
            "  [-0.98759387 -0.0520741  -0.14814394  0.00958221]\n",
            "  [ 0.          0.          0.          1.        ]]\n",
            "\n",
            " [[-0.16754172 -0.09267585  0.98149934  0.3574487 ]\n",
            "  [-0.07530692  0.99386604  0.08098868  0.12148758]\n",
            "  [-0.98298456 -0.06034471 -0.17349316  0.01538829]\n",
            "  [ 0.          0.          0.          1.        ]]\n",
            "\n",
            " [[-0.1992497  -0.00739044  0.97992088  0.35902211]\n",
            "  [-0.07150123  0.99741584 -0.00701613  0.11637665]\n",
            "  [-0.97733675 -0.07146351 -0.19926323  0.04148699]\n",
            "  [ 0.          0.          0.          1.        ]]\n",
            "\n",
            " [[-0.20005114  0.07352618  0.97702274  0.36528118]\n",
            "  [-0.05394722  0.99484101 -0.08591311  0.11121053]\n",
            "  [-0.97829916 -0.06989468 -0.19505255  0.08044989]\n",
            "  [ 0.          0.          0.          1.        ]]\n",
            "\n",
            " [[-0.21854211  0.09857819  0.97083556  0.36445262]\n",
            "  [-0.04808623  0.99258783 -0.11161146  0.09756747]\n",
            "  [-0.97464202 -0.07107563 -0.21218199  0.09854628]\n",
            "  [ 0.          0.          0.          1.        ]]]\n"
          ]
        }
      ]
    },
    {
      "cell_type": "code",
      "source": [
        "import pickle\n",
        "\n",
        "# loading the pickle file\n",
        "with open('/content/traj1/policy_out.pkl', 'rb') as file:\n",
        "    obs_dict = pickle.load(file)\n",
        "\n",
        "# printing the values to check\n",
        "print(obs_dict)"
      ],
      "metadata": {
        "colab": {
          "base_uri": "https://localhost:8080/"
        },
        "id": "YDM0wvLLCZTa",
        "outputId": "a487a7ae-44bd-472f-9a46-10a40e20ce28"
      },
      "execution_count": 9,
      "outputs": [
        {
          "output_type": "stream",
          "name": "stdout",
          "text": [
            "[{'actions': array([-0.01588825,  0.04458054, -0.00344063, -0.00150252, -0.00242177,\n",
            "        0.42254094,  0.99576901])}, {'actions': array([-2.07002505e-02,  5.84556846e-02,  2.22717414e-05, -5.17149429e-03,\n",
            "        5.44152600e-04,  4.19823459e-01,  9.99180634e-01])}, {'actions': array([-0.01088369,  0.03812869, -0.00211943, -0.00828064, -0.00381507,\n",
            "        0.30561791,  1.        ])}, {'actions': array([-7.15014805e-04,  3.62470447e-02,  2.56566605e-03,  3.88672255e-03,\n",
            "       -7.53284804e-03,  1.28893976e-01,  1.00000000e+00])}, {'actions': array([ 0.00591606,  0.01897691, -0.00748332,  0.00590264,  0.00452312,\n",
            "       -0.10785964,  1.        ])}, {'actions': array([-2.59812254e-03,  1.62264320e-02, -2.68401339e-03, -6.82554083e-04,\n",
            "        2.59951837e-03, -2.58034099e-01,  9.97256578e-01])}, {'actions': array([ 0.00731251,  0.00638109,  0.01030955, -0.00689983,  0.00411236,\n",
            "       -0.29824248,  0.99320108])}, {'actions': array([ 0.0039    ,  0.00731242, -0.0156469 ,  0.00569238, -0.00116384,\n",
            "       -0.18165448,  1.        ])}, {'actions': array([ 0.01077023, -0.00203195, -0.01515005,  0.00275738, -0.00297554,\n",
            "        0.00570928,  0.99673024])}, {'actions': array([-0.00337022,  0.00845051, -0.01266387, -0.00285971,  0.0025627 ,\n",
            "        0.16164172,  1.        ])}, {'actions': array([-0.01356223,  0.00302571,  0.00202387, -0.00923379, -0.00159929,\n",
            "        0.22760041,  1.        ])}, {'actions': array([-0.00244936, -0.00122204, -0.00962472, -0.01140027,  0.00621037,\n",
            "        0.20616669,  0.99850264])}, {'actions': array([-0.01586937, -0.01050451, -0.00222855, -0.00788573,  0.00724412,\n",
            "        0.0665975 ,  0.99419031])}, {'actions': array([-0.00427691,  0.00088473,  0.00010204,  0.00020817, -0.00135303,\n",
            "       -0.09030197, -0.00501662])}, {'actions': array([-0.0032907 , -0.00187833, -0.00800626, -0.00150113, -0.00441076,\n",
            "       -0.18370198, -0.00415092])}, {'actions': array([-0.00953649,  0.00826691, -0.00096403,  0.00527846,  0.00495463,\n",
            "       -0.19653034,  0.01118261])}, {'actions': array([ 0.00179467,  0.00611816, -0.00753242, -0.00279299,  0.00864704,\n",
            "       -0.12779228, -0.00265354])}, {'actions': array([ 0.00415028,  0.00390029,  0.01013666,  0.00222033, -0.00377208,\n",
            "        0.02089303, -0.00092521])}, {'actions': array([ 0.00322926,  0.00182758,  0.05177235,  0.0053706 ,  0.00202909,\n",
            "       -0.28682432, -0.00503253])}, {'actions': array([ 0.01112352, -0.0048923 ,  0.05387931,  0.00326645,  0.00384437,\n",
            "       -0.20831027, -0.00520537])}, {'actions': array([-0.00784813,  0.00159872,  0.04133494, -0.00251158,  0.00510702,\n",
            "       -0.07136045, -0.00562991])}, {'actions': array([ 6.62562668e-03, -3.80911690e-05,  3.08742165e-02, -5.09156536e-03,\n",
            "        2.88019906e-03,  9.43170633e-02, -1.97496708e-03])}, {'actions': array([ 7.42568064e-03,  3.22191474e-03,  2.16174457e-02, -2.66328410e-04,\n",
            "       -2.72464262e-03,  2.30801905e-01, -7.84996061e-05])}, {'actions': array([ 0.03506117, -0.01621407, -0.00409994, -0.00202438,  0.00312092,\n",
            "        0.23770352,  0.00400212])}, {'actions': array([ 0.02413997, -0.0253567 ,  0.00719237, -0.0044082 ,  0.0048014 ,\n",
            "        0.12621529,  0.00165269])}, {'actions': array([ 0.02307891, -0.02026758,  0.00078004,  0.0017984 , -0.00460686,\n",
            "       -0.04574714,  0.00431035])}, {'actions': array([ 1.34388566e-02, -1.07919163e-02,  4.57866607e-03,  3.48995887e-05,\n",
            "        1.00092871e-02, -1.78487041e-01,  5.40257328e-03])}, {'actions': array([ 6.59370157e-03, -1.01752889e-02,  4.53501506e-05,  1.81494685e-04,\n",
            "        1.97730144e-03, -2.15171311e-01, -5.96732737e-03])}, {'actions': array([ 0.00661564, -0.00320199, -0.03550234, -0.00597261,  0.00700544,\n",
            "       -0.15895494, -0.00377232])}, {'actions': array([ 0.00116756, -0.00415913, -0.02715064, -0.00216976, -0.00445172,\n",
            "       -0.0255928 ,  0.00104484])}, {'actions': array([ 0.00921843,  0.00477913, -0.03197473,  0.00182693,  0.0020122 ,\n",
            "        0.12595762,  0.00537063])}, {'actions': array([ 1.30720803e-04,  2.07915829e-03, -1.12876667e-03,  6.77301909e-04,\n",
            "        8.93440474e-03,  1.87911669e-01, -2.56876163e-03])}, {'actions': array([-0.00737598,  0.00810301,  0.00501111, -0.00768642,  0.00352425,\n",
            "        0.16411162, -0.0018383 ])}, {'actions': array([-0.00457472,  0.00676421,  0.00291485, -0.00334645, -0.00066261,\n",
            "        0.07186548, -0.00445424])}, {'actions': array([ 0.00126229, -0.00101407,  0.00978203, -0.00189638,  0.00112627,\n",
            "       -0.0430314 , -0.00147916])}, {'actions': array([ 1.49066070e-03,  2.65513598e-05, -7.83676626e-03,  3.70474823e-04,\n",
            "        2.91770991e-03, -1.44807825e-01,  2.32082741e-03])}, {'actions': array([-0.0076526 ,  0.00761872, -0.0066622 , -0.01046043, -0.00379131,\n",
            "       -0.16516043, -0.00241927])}, {'actions': array([-0.00517563,  0.00767799, -0.00173703,  0.00106895,  0.00731172,\n",
            "       -0.11626833, -0.0068871 ])}, {'actions': array([-0.00220924,  0.00382893, -0.02072423,  0.00374476, -0.00513243,\n",
            "        0.00299787, -0.00256321])}, {'actions': array([ 0.00056312, -0.00186871, -0.00270086,  0.00390702, -0.0058725 ,\n",
            "        0.100232  , -0.00347154])}, {'actions': array([-0.0005833 , -0.00604691, -0.0062596 , -0.00309791,  0.00920478,\n",
            "        0.14946962, -0.00017206])}, {'actions': array([ 0.01094837,  0.00919589, -0.01420395,  0.00570275,  0.00358905,\n",
            "        0.12525288,  0.00509663])}, {'actions': array([ 0.00121151, -0.01377348,  0.00401781,  0.00492106, -0.00141479,\n",
            "        0.03369458,  0.00432671])}, {'actions': array([-2.44154377e-03,  3.11910786e-03,  9.89919387e-05, -6.07936580e-04,\n",
            "       -1.21435074e-02, -5.29316735e-02,  1.00000000e+00])}, {'actions': array([ 0.00408647, -0.00781357,  0.05681183, -0.0033402 ,  0.00396063,\n",
            "       -0.13580361,  0.99498619])}, {'actions': array([-0.00154821, -0.00754377,  0.04899209,  0.00386161,  0.0122899 ,\n",
            "       -0.12544686,  0.99952685])}, {'actions': array([ 4.71624970e-03, -9.40741714e-04,  4.14247792e-02,  6.17024568e-03,\n",
            "        6.22640294e-03, -5.77309189e-02,  9.99199130e-01])}, {'actions': array([-0.00362079, -0.0330285 ,  0.02952036, -0.00113087,  0.00641518,\n",
            "        0.01791891,  0.99984185])}, {'actions': array([-0.00635838, -0.03177936,  0.00549175,  0.00346982, -0.00290688,\n",
            "        0.0977478 ,  0.99257448])}]\n"
          ]
        }
      ]
    },
    {
      "cell_type": "code",
      "source": [
        "import pickle\n",
        "import matplotlib.pyplot as plt\n",
        "from mpl_toolkits.mplot3d import Axes3D  # need for 3d plotting\n",
        "\n",
        "# Loading the pickle file\n",
        "with open('/content/traj1/policy_out.pkl', 'rb') as file:\n",
        "    policy_out = pickle.load(file)\n",
        "\n",
        "# Extracting the first three numbers from the 'actions' array in each dictionary\n",
        "xs, ys, zs = [], [], []\n",
        "for entry in policy_out:\n",
        "    actions = entry['actions']\n",
        "    xs.append(actions[0])\n",
        "    ys.append(actions[1])\n",
        "    zs.append(actions[2])\n",
        "\n",
        "# Creating a 3D scatter plot\n",
        "fig = plt.figure()\n",
        "ax = fig.add_subplot(111, projection='3d')\n",
        "ax.scatter(xs, ys, zs)\n",
        "\n",
        "# Labelling the axes\n",
        "ax.set_xlabel('Delta X')\n",
        "ax.set_ylabel('Delta Y')\n",
        "ax.set_zlabel('Delta Z')\n",
        "\n",
        "plt.show()\n"
      ],
      "metadata": {
        "colab": {
          "base_uri": "https://localhost:8080/",
          "height": 410
        },
        "id": "Z0AKn4yVCZsz",
        "outputId": "1603c4f4-e6ac-4f88-93b7-6d64622e0a91"
      },
      "execution_count": 10,
      "outputs": [
        {
          "output_type": "display_data",
          "data": {
            "text/plain": [
              "<Figure size 640x480 with 1 Axes>"
            ],
